Lemma#PoS,AFRAID,AMUSED,ANGRY,ANNOYED,DONT_CARE,HAPPY,INSPIRED,SAD
0,0.09104044900000001,0.10188936800000001,0.167116461,0.065455893,0.135220504,0.291063671,0.064974737,0.083238917
1,0.121636905,0.116172549,0.118002753,0.119130569,0.13883705,0.164304729,0.10591118699999999,0.116004259
10,0.131860111,0.118659319,0.121393261,0.11191127199999999,0.138484847,0.143611016,0.106802784,0.127277389
100,0.170863303,0.128192539,0.104131795,0.093902636,0.107457325,0.117810557,0.106983404,0.170658442
1000,0.147027334,0.142150539,0.07638187,0.065646862,0.060772247,0.15571317199999998,0.09496881900000001,0.257339157
10000,0.094632855,0.17265862199999998,0.011131483999999999,0.003737293,0.586477761,0.046654602,0.009550914,0.07515647
1000th,0.0,0.336853157,0.0,0.0,0.0,0.41345631200000005,0.24969053,0.0
100th,0.320738407,0.146574328,0.11870161800000001,0.081067373,0.027685206,0.114831167,0.120824772,0.069577129
101st,0.0,0.0,0.0,0.0,0.0,1.0,0.0,0.0
10th,0.096738339,0.064845042,0.122668246,0.099642699,0.12364605,0.18620568,0.097121648,0.20913229600000002
11,0.177897206,0.096849489,0.11309649599999999,0.099719965,0.122297037,0.137492375,0.092261174,0.160386259
110th,0.0,0.0,0.0,0.0,0.8414771759999999,0.11382058099999999,0.0,0.044702244
115th,0.09984252199999999,0.043501782,0.075163439,0.031544285,0.086844092,0.553967338,0.032245454,0.076891088
11th,0.10477251800000001,0.09656432300000001,0.11002176300000001,0.139172825,0.155789592,0.159299637,0.114702262,0.11967708
12,0.128104945,0.113074782,0.128914229,0.135941586,0.126543123,0.147443887,0.09117946,0.128797988
120,0.139766885,0.068872813,0.132692235,0.148781942,0.100386398,0.134018729,0.0929687,0.18251229800000002
120th,0.0,0.5961343339999999,0.0,0.0,0.0,0.182925036,0.22094063100000003,0.0
12th,0.081231724,0.09371828199999999,0.120536835,0.19555835300000002,0.130100878,0.167340059,0.10108006900000001,0.1104338
13,0.117910932,0.114334978,0.145873304,0.140896825,0.123826558,0.139509564,0.084954845,0.132692995
13th,0.119130027,0.118748263,0.06531608700000001,0.163622375,0.165593002,0.158735116,0.104351548,0.104503582
14,0.118779276,0.11432223400000001,0.12476875800000001,0.120012059,0.14030146599999999,0.148691874,0.097289158,0.135835175
144,0.220330353,0.026865338,0.09283717,0.196366084,0.089386984,0.102001846,0.10886201,0.163350214
14th,0.07532733700000001,0.071715335,0.143336315,0.130565499,0.177195004,0.178217972,0.103292994,0.120349543
15,0.153667121,0.106859497,0.12987369599999998,0.11493178300000001,0.116198829,0.141770415,0.086516718,0.15018194099999999
150th,0.0,0.0,0.6649562210000001,0.0,0.0,0.0,0.0,0.335043779
15th,0.073514429,0.09997681,0.160994638,0.146957167,0.153771367,0.15122786400000002,0.134384281,0.079173445
16,0.12904565699999998,0.12188765800000001,0.129866616,0.11422377800000001,0.143428203,0.145154694,0.085414911,0.130978484
16th,0.079148413,0.148971549,0.115399158,0.150740244,0.13829322800000002,0.165664966,0.093532734,0.10824970699999999
17,0.139306097,0.116387426,0.143710286,0.10634514699999999,0.112503798,0.162393922,0.08661067900000001,0.132742644
1728,0.102358984,0.0,0.089900862,0.0,0.20774352199999999,0.237207588,0.23140725199999998,0.131381793
17th,0.06330427200000001,0.101333583,0.054390818,0.138408401,0.174564821,0.165100926,0.108595259,0.194301919
18,0.12112540599999999,0.10751458400000001,0.123394744,0.10326171199999999,0.136209089,0.158883108,0.108108489,0.141502868
1820s,0.0,0.0,0.0,0.0,0.0,1.0,0.0,0.0
1840s,0.0,0.0,0.0,0.0,0.54572461,0.25164631600000004,0.202629074,0.0
1850s,0.125,0.125,0.125,0.125,0.125,0.125,0.125,0.125
1860s,0.0,1.0,0.0,0.0,0.0,0.0,0.0,0.0
1870s,0.226801401,0.027792637999999998,0.20275447600000002,0.111962066,0.19727428100000002,0.058750013,0.0,0.174665125
1880s,0.0,0.19089971100000003,0.012686198999999999,0.07453729,0.029315354,0.13743291900000001,0.5551285260000001,0.0
1890s,0.0,0.0,0.0,0.0,0.46022592100000004,0.20805968800000002,0.331714391,0.0
18th,0.12099774099999999,0.14133459,0.071742246,0.10520490099999999,0.128347717,0.19369646899999998,0.111117595,0.127558742
19,0.11997472099999999,0.10958630400000001,0.127803106,0.112061774,0.129856458,0.161476169,0.09304904,0.146192428
1900s,0.026253928,0.154425696,0.105410559,0.024884029,0.011417974,0.27202982,0.274155982,0.131422013
1920s,0.036627539,0.29523713,0.040734231,0.098889016,0.205635522,0.105730233,0.18765642600000002,0.029489903999999997
1930s,0.121903863,0.107837507,0.18020616,0.136784311,0.067475725,0.10667872099999999,0.137438676,0.141675038
1940s,0.054375309000000004,0.140326798,0.106666682,0.066735191,0.28377734600000004,0.112122631,0.14217834199999999,0.09381770099999999
1950s,0.076793236,0.22677846,0.036742406,0.069227815,0.16921546199999998,0.077435983,0.17768814100000002,0.166118498
1960s,0.053643900999999994,0.174751085,0.144777347,0.081464708,0.14884552199999998,0.097682774,0.143913022,0.154921641
1970s,0.14633675599999998,0.108724885,0.128880161,0.10010931599999999,0.101103546,0.10227918300000001,0.142174724,0.17039142899999998
1980s,0.052705445,0.15402792699999998,0.137683478,0.11617877,0.14334097099999998,0.09837556300000001,0.133037648,0.164650197
1990s,0.134561351,0.129502797,0.115010302,0.088081158,0.11811848300000001,0.11330796800000001,0.11047934699999999,0.19093859300000002
19th,0.044955649,0.204245559,0.054313372,0.073765553,0.20639395800000002,0.177816327,0.131783503,0.106726078
1st,0.10318689800000001,0.112592955,0.09100497699999999,0.15436333800000002,0.163165547,0.168605395,0.11281395,0.09426694
2,0.130510226,0.10609257300000001,0.13283899400000002,0.110564952,0.14541315800000001,0.153860162,0.097168601,0.123551336
20,0.124380175,0.12094805300000001,0.119098114,0.101857285,0.129875527,0.148953165,0.09959662,0.15529106199999998
200th,0.0,0.0,0.0,0.0,0.792075898,0.060874105,0.14704999800000002,0.0
20th,0.153510671,0.17082106,0.054849269000000006,0.072552461,0.134493673,0.142048199,0.137317924,0.134406744
21,0.11841298300000001,0.121970094,0.11232746800000001,0.11148250800000001,0.135104521,0.15615853400000002,0.10376341,0.14078048199999998
21st,0.0,0.0,0.0,0.07315881099999999,0.503531031,0.075848692,0.302879217,0.044582249000000004
22,0.112255883,0.116984154,0.13683731300000002,0.129095219,0.12984842900000002,0.158396392,0.101638395,0.114944215
22nd,0.031820178,0.207597819,0.056104812999999996,0.12011023400000001,0.07356396400000001,0.20957784899999998,0.135490765,0.16573437800000002
23,0.098110393,0.11800452800000001,0.13626164699999999,0.113171326,0.142944281,0.17241434100000003,0.098515504,0.12057798
23rd,0.145740822,0.13504302099999999,0.06820714900000001,0.077049322,0.13099248800000002,0.18004194899999998,0.14638432,0.116540929
24,0.136858908,0.11704567800000001,0.108022844,0.118622958,0.125636575,0.157398573,0.10697378800000001,0.129440676
24th,0.128050451,0.081980212,0.072422155,0.10588819699999999,0.17502516399999998,0.19290476899999998,0.16964225800000002,0.074086795
25,0.12962769400000002,0.12083172199999999,0.11421663300000001,0.125317743,0.128514894,0.15045729300000002,0.100503905,0.130530115
25th,0.033129555,0.152909727,0.09183632,0.11265292199999999,0.20366874100000001,0.176571833,0.151608245,0.077622657
26,0.139671165,0.116917711,0.131737087,0.102902657,0.121376536,0.130145871,0.09324477,0.16400420400000001
26th,0.11197690800000001,0.104821314,0.08705931199999999,0.043565955,0.237754931,0.17821299100000002,0.120811251,0.11579733800000001
27,0.148430128,0.10724712199999999,0.135859259,0.11880155099999999,0.112680213,0.134111841,0.09358578699999999,0.1492841
27th,0.052294928,0.083283496,0.158832194,0.12135182900000001,0.15489001300000002,0.15701091,0.116623765,0.155712866
28,0.113847506,0.113700495,0.119863944,0.121552677,0.144431305,0.15294295900000002,0.105141371,0.12851974300000002
28th,0.051807427999999996,0.233076266,0.11178965099999999,0.056717227,0.05659031,0.178799819,0.13794081,0.17327848899999998
29,0.138922561,0.13744451300000002,0.12011077,0.114388714,0.134090662,0.149180187,0.083798818,0.122063774
29th,0.011286093,0.17029717,0.065958861,0.06493386799999999,0.15190151300000002,0.229195918,0.160955177,0.1454714
2d,0.073708263,0.241348958,0.055489049000000006,0.09879510400000001,0.08548298,0.22516148600000002,0.13056710400000002,0.089447056
2nd,0.11378033900000001,0.10511857,0.122770743,0.154720057,0.132182306,0.173845133,0.096991831,0.100591021
3,0.121976675,0.11732030199999999,0.12800583,0.130462669,0.130875934,0.14399204699999998,0.110560105,0.116806439
3-d,0.0,0.38102872600000004,0.11141319699999999,0.002833784,0.259404784,0.158890523,0.057935472,0.028493513999999998
3-dimensional,0.0,0.039457631,0.0,0.0,0.492316341,0.301177904,0.106023092,0.061025032
30,0.160171784,0.11256742199999999,0.12402648599999999,0.11375520300000001,0.118839316,0.13198765699999998,0.094376612,0.144275519
30th,0.10332278199999999,0.13392494900000002,0.08879580000000001,0.079094035,0.110809009,0.17146082199999998,0.086712729,0.22587987399999998
31st,0.083265749,0.0,0.010447352,0.052614025999999994,0.46674171200000003,0.021027775,0.023903793,0.341999592
32nd,0.0,0.0,0.0,0.0,0.0,0.0,0.0,1.0
34th,0.0,0.616141949,0.0,0.0,0.0,0.38385805100000003,0.0,0.0
35th,0.0,0.0,0.0,0.0,0.0,1.0,0.0,0.0
38th,0.0,0.0,0.0,0.0,0.0,1.0,0.0,0.0
3d,0.07305037,0.302118572,0.025873055,0.066149297,0.131832976,0.22959176,0.10737409,0.06400988
3rd,0.122422164,0.12104187599999999,0.115850519,0.139763043,0.126058736,0.176234991,0.10934785699999999,0.089280813
4,0.116897882,0.113512424,0.13461454,0.12769883699999998,0.13717964900000001,0.148788903,0.099961778,0.12134598699999999
40,0.142821166,0.12228731699999999,0.12451238699999999,0.129057327,0.103505388,0.10734306800000001,0.118494291,0.151979056
400th,0.0,0.0,0.0,0.0,0.0,0.342456699,0.0,0.657543301
40th,0.044250464,0.126913371,0.125429297,0.129593239,0.164333544,0.14044399,0.148132108,0.12090398699999999
44th,0.09349446,0.069832982,0.475095316,0.139253758,0.0,0.056249532000000005,0.166073953,0.0
45th,0.0,0.053041662999999996,0.150357829,0.026442557999999998,0.48973607399999997,0.08544869699999999,0.022115721,0.17285745800000002
46th,0.0,0.092471143,0.428194033,0.354041186,0.0,0.056749917000000004,0.068543721,0.0
49th,0.0,0.0,0.0,0.0,0.0,0.0,0.0,1.0
4th,0.128493478,0.120637655,0.087680422,0.128883875,0.139680615,0.186141577,0.103727606,0.104754772
5,0.124757621,0.11511631300000001,0.13076713199999998,0.120570027,0.138807547,0.146113784,0.10250999,0.12135758599999999
50,0.168866553,0.147055634,0.09677359599999999,0.099209343,0.104903218,0.125513485,0.09915646199999999,0.158521709
500,0.174472391,0.12369536800000001,0.103411565,0.088358111,0.09061778,0.133848253,0.121890771,0.16370576
50th,0.071723846,0.203229491,0.037408397999999995,0.073165145,0.161470081,0.193727675,0.159272515,0.10000285
55th,0.0,0.0,0.0,0.0,0.0,0.5724630829999999,0.195019485,0.232517432
5th,0.160290035,0.126260438,0.09505112,0.136996926,0.12470096800000001,0.173524746,0.08269137,0.10048439699999999
6,0.13022636099999998,0.11863811,0.12748051,0.12592809800000002,0.121414643,0.148269643,0.10141303300000001,0.126629601
60,0.16808136399999998,0.11705514199999999,0.11374953800000001,0.10349989400000001,0.08500885400000001,0.124624085,0.10034064,0.187640484
60th,0.032942486,0.233501598,0.098594166,0.059400968,0.071983752,0.169834105,0.138828699,0.194914225
64th,0.16122477300000002,0.0,0.339845016,0.025468709,0.126211527,0.214474358,0.052069659000000004,0.080705958
65th,0.0,0.0,0.0,0.0,0.0,0.257724267,0.0,0.7422757329999999
6th,0.164583385,0.09272064,0.13210786800000002,0.10255781300000001,0.114230758,0.159145781,0.096577427,0.138076328
7,0.129894641,0.112307289,0.130525908,0.11985794400000001,0.131168465,0.145584861,0.100734251,0.12992664199999998
70,0.17169948100000001,0.11186589699999999,0.121991905,0.110844229,0.109512993,0.109393039,0.10206013300000001,0.162632322
70th,0.031647693,0.25199943199999997,0.039881001,0.080280095,0.19309146,0.26423478100000003,0.075991198,0.06287434
75th,0.199990639,0.35118736,0.004562331,0.176152456,0.015813999,0.090747417,0.021529867999999997,0.14001593
78,0.199929305,0.108414605,0.11034589,0.084461621,0.11388008,0.133710487,0.084641778,0.164616234
7th,0.073807074,0.130432208,0.142018794,0.11451178599999999,0.137817275,0.180232143,0.11622773900000001,0.104952981
8,0.123763073,0.109068206,0.128124503,0.11933523,0.129138217,0.155764004,0.098046664,0.136760103
80,0.163515116,0.10227969099999999,0.097609529,0.109663241,0.104521915,0.125117052,0.09258761300000001,0.204705842
80th,0.111800361,0.046782678,0.066249112,0.065748346,0.07991433,0.117506761,0.156942046,0.35505636700000004
85th,0.0,0.019035548,0.158968735,0.6395471429999999,0.038001312999999995,0.05743745,0.014109993999999999,0.072899817
8th,0.050588759000000004,0.12239316800000001,0.070550436,0.104435714,0.164394968,0.208241647,0.16033864,0.11905666699999999
9,0.124517998,0.106070836,0.128496471,0.119377355,0.128219996,0.160521961,0.10234288400000001,0.130452498
9-11,0.0466519,0.047428307999999995,0.35120479600000004,0.114638374,0.045087024,0.250181132,0.11886066,0.025947807000000003
90,0.195268351,0.139316857,0.100659006,0.101228519,0.10512832400000001,0.118055384,0.080138454,0.16020510599999999
90th,0.0,0.17936185699999999,0.0,0.0,0.121742506,0.507446226,0.191449411,0.0
95th,0.0,0.104471465,0.090254171,0.0,0.20855995,0.336601461,0.16778426800000001,0.092328685
9th,0.084390286,0.120500234,0.09647011,0.12394958199999999,0.116812666,0.203065403,0.12049263,0.13431909
a,0.142757637,0.115372722,0.131610949,0.103704103,0.121058494,0.126535443,0.123111254,0.135849398
a-bomb,0.34924892700000004,0.308949468,0.0,0.0,0.0,0.0,0.341801605,0.0
a-line,0.0,0.0,0.484128623,0.0,0.0,0.5158713770000001,0.0,0.0
a-list,0.19147247399999998,0.0,0.0,0.0,0.166544804,0.332789965,0.309192756,0.0
a-team,0.0,0.0,0.0,0.014229816000000001,0.646402205,0.09935703300000001,0.240010946,0.0
a.k.a.,0.034427347000000004,0.08450074,0.37537312899999997,0.055110079000000006,0.226585907,0.093744119,0.053370067,0.076888612
a.m.,0.37198644299999994,0.05293863,0.080224639,0.081029524,0.080351267,0.090224883,0.05643489,0.186809725
aa,0.22993716100000003,0.03261822,0.136870775,0.143040269,0.139536139,0.15156436,0.105347322,0.061085753
aaa,0.115425439,0.065597375,0.194568275,0.078484527,0.06765971,0.245402258,0.17585567800000002,0.057006737
aar,0.0,0.0,0.0,0.49187572799999996,0.0,0.508124272,0.0,0.0
aarhus,0.0,0.24092983199999998,0.0,0.0,0.084878196,0.117417934,0.5567740379999999,0.0
aaron,0.064384314,0.20468539800000002,0.045299531,0.06043349,0.09865497599999999,0.09263573800000001,0.13618704,0.297719512
aas,0.0,0.0,0.0,0.0,0.260254936,0.11429486400000001,0.14264928300000002,0.48280091700000005
ab,0.042123495999999996,0.175036809,0.062248317000000004,0.10252484699999999,0.21101619,0.176775011,0.216157792,0.014117538
aba,0.030359578999999998,0.09553403,0.132899312,0.117233321,0.055748293,0.12312221,0.213894803,0.231208453
abaca,0.0,0.04465632,0.000925899,0.078751737,0.00499234,0.030255965,0.12340145699999999,0.7170162809999999
aback,0.032347392999999995,0.164193784,0.21977464600000002,0.196221077,0.151934981,0.08908960199999999,0.125886536,0.020551981
abandon,0.187460359,0.159716995,0.11084224699999999,0.076730427,0.128067508,0.12490823300000001,0.10735927199999999,0.104914958
abandon,0.106486739,0.141248768,0.115637017,0.13230699,0.134634858,0.092814892,0.114505762,0.162364973
abandoned,0.257544895,0.132044847,0.153052018,0.060397485,0.063344533,0.067851555,0.11270001,0.15306465800000002
abandonment,0.150817376,0.11726144599999999,0.102282369,0.22592340600000002,0.04862802,0.097690026,0.192314409,0.065082948
abase,0.018398684,0.344704325,0.013850896000000001,0.37202479899999996,0.20804383899999998,0.00983937,0.011884193999999999,0.021253893
abate,0.286181837,0.158302798,0.046835519000000006,0.069188202,0.03896202,0.203285292,0.050633475,0.14661085599999998
abatement,0.0,0.0,0.0,0.0,0.0,0.0,0.0,1.0
abattoir,0.0,0.12482968300000001,0.492028591,0.039601311,0.0,0.00478803,0.22843173,0.110320655
abaya,0.07861162099999999,0.104017169,0.130835246,0.19967685699999999,0.085838446,0.213406719,0.103133555,0.084480389
abb,0.0,0.0,0.0,0.0,0.0,0.41344354,0.58655646,0.0
abbess,0.011817185,0.15188943,0.106754545,0.063469942,0.010278714,0.173001022,0.48278916200000005,0.0
abbey,0.021644073,0.27819705,0.012996476000000002,0.032237403,0.22994915,0.247621471,0.15711391800000002,0.020240459
abbot,0.0,0.574301905,0.0,0.0,0.0,0.0,0.425698095,0.0
abbreviate,0.07432122,0.142121218,0.379220016,0.151322483,0.079011033,0.142975165,0.004000502,0.027028361
abbreviated,0.0,0.0,0.10508660199999999,0.0,0.561989185,0.10771100900000001,0.154569004,0.0706442
abbreviation,0.0,0.23467128399999998,0.013845343000000001,0.33369199,0.30165689,0.006674038,0.109460455,0.0
abc,0.147010701,0.158590651,0.09548397,0.09669544699999999,0.149833353,0.11478993300000001,0.060320478,0.17727546800000002
abcs,0.0,0.0,0.0,0.0,0.0,0.383079017,0.616920983,0.0
abdicate,0.026544644,0.119336032,0.063129178,0.173829795,0.120691533,0.060170494000000005,0.137556745,0.298741579
abdication,0.08538835800000001,0.17775266399999998,0.00102035,0.212395317,0.245214522,0.081906255,0.135260052,0.061062480999999995
abdomen,0.0,0.114907784,0.08005664,0.0,0.369990855,0.190516055,0.031597087,0.21293157899999998
abdominal,0.237747226,0.021216698,0.053909893,0.009049874,0.0,0.101102481,0.332112156,0.244861672
abduct,0.140102749,0.043395473,0.28258748100000003,0.077092689,0.068213222,0.082661185,0.061947645999999995,0.243999555
abducting,0.05824458,0.0,0.589751294,0.0,0.0,0.182996971,0.124151626,0.044855529000000005
abduction,0.162317993,0.028149452999999998,0.245347094,0.082491099,0.10263845199999999,0.082076158,0.074366124,0.22261362699999998
abductor,0.206667579,0.029787041,0.22731159,0.067777321,0.07518548900000001,0.03188569,0.058497929000000004,0.302887362
abed,0.0,0.363107743,0.6368922570000001,0.0,0.0,0.0,0.0,0.0
abel,0.0,0.04077614,0.098862881,0.35862940600000004,0.018381276999999998,0.200599485,0.282750811,0.0
abelard,0.0,0.0,0.0,0.0,0.0,0.0,1.0,0.0
aberdeen,0.0,0.0,0.0,0.0,0.0,0.212999457,0.079158503,0.70784204
aberrant,0.0,0.23776903600000002,0.0,0.24784307600000002,0.069222189,0.117039861,0.194603828,0.13352201
aberration,0.015585985,0.054327003,0.17160155800000002,0.140340901,0.25080184,0.12398574,0.123325616,0.120031358
abet,0.073429593,0.148227064,0.185363022,0.20900720399999997,0.06269792,0.132578454,0.077672234,0.11102450900000001
abeyance,0.058957694000000005,0.004533194,0.485618934,0.157782636,0.054298622000000005,0.165531368,0.042562597,0.030714954
abhor,0.061788696,0.21344966699999998,0.17111154899999997,0.128284436,0.034550015,0.15754795800000002,0.11260587400000001,0.120661804
abhorrent,0.0,0.40812119700000005,0.0,0.591878803,0.0,0.0,0.0,0.0
abide,0.138083575,0.129285645,0.179553567,0.19283044300000002,0.095445189,0.095692094,0.101354329,0.067755158
abiding,0.203538592,0.025746553,0.041190297,0.23924620800000002,0.08185722299999999,0.13050261,0.167519404,0.11039911300000001
abidjan,0.406696213,0.007087965999999999,0.097974083,0.10664816,0.08136220400000001,0.021477699,0.0,0.278753675
abila,0.0,0.105209415,0.027267508,0.122064177,0.063009943,0.487484223,0.19496473399999997,0.0
ability,0.123526389,0.171714418,0.071375022,0.111811978,0.12203477,0.129718008,0.181247405,0.08857201
abject,0.090048393,0.073019655,0.09321155699999999,0.121702453,0.054392399,0.22907861899999998,0.298093693,0.040453232
abjectly,0.0,0.156672378,0.0,0.5370524879999999,0.0,0.253487621,0.052787513,0.0
ablaze,0.290707008,0.022376987999999997,0.135322266,0.029390747000000002,0.057314947000000005,0.05596783599999999,0.062278806,0.34664140200000004
able,0.11564640699999999,0.10807798699999999,0.11562020199999999,0.11914149199999999,0.117357784,0.13608737,0.171365355,0.116703402
able-bodied,0.123809357,0.039523493,0.09089906699999999,0.073585262,0.09169703300000001,0.040808625,0.134209961,0.405467202
ably,0.035362615,0.207147047,0.202620573,0.059586552,0.10082044800000001,0.243747612,0.124994544,0.02572061
abnormal,0.303294628,0.157520841,0.051438515,0.091815215,0.150461354,0.065372538,0.11415433400000001,0.065942574
abnormality,0.289373891,0.142554291,0.13519615,0.038591415,0.072095119,0.063767682,0.117878051,0.14054340099999998
abnormally,0.049912005,0.43691415299999997,0.10418453800000001,0.186363488,0.130241986,0.050957972000000004,0.011723446,0.029702412
abo,0.0,0.0,0.0,0.862865276,0.0,0.020285507,0.0,0.11684921699999999
aboard,0.17657625100000002,0.059349835,0.171384902,0.115559965,0.130549723,0.21010811100000001,0.0,0.13647121199999998
abode,0.0,0.055762230999999995,0.09249344699999999,0.035582499999999996,0.0044528020000000005,0.07254959799999999,0.348854266,0.390305155
abolish,0.106734063,0.118038375,0.160958952,0.160016515,0.088403471,0.16415029,0.09122783599999999,0.11047049800000001
abolition,0.059113757,0.079024391,0.145137248,0.2996717,0.10400414,0.074542594,0.04295602,0.19555015
abolitionist,0.0,0.21855841199999998,0.044427123,0.18644993699999998,0.0,0.11440516099999999,0.095297181,0.340862185
abominable,0.10643036199999999,0.009274426,0.248380977,0.016812825,0.032400992999999996,0.133044728,0.33685622,0.116799469
abomination,0.0,0.0,0.0,1.0,0.0,0.0,0.0,0.0
aboriginal,0.0059004290000000004,0.115687816,0.08217627,0.024855785,0.518357886,0.029188101,0.084482536,0.139351176
abort,0.09345859,0.10580596699999999,0.150518887,0.140859948,0.093285075,0.094122927,0.14968136099999999,0.172267246
abortifacient,0.021868281,0.107985093,0.234138696,0.133575412,0.031702107,0.129942925,0.324881832,0.015905653999999998
abortifacient,0.033603673,0.081258956,0.34973813299999995,0.16986811899999998,0.042381809000000006,0.131411429,0.153566379,0.038171501000000004
abortion,0.17687397100000002,0.095772701,0.196937925,0.11684341,0.052101987,0.093916549,0.15947291,0.10808054800000001
abortionist,0.0,0.674030455,0.0,0.0,0.0,0.12759514800000002,0.124283912,0.074090484
abortive,0.018993482,0.012413303,0.593394861,0.06000808,0.0,0.038090473,0.25150197399999996,0.025597827000000004
abound,0.05173776,0.172768583,0.08749040300000001,0.127840733,0.132655314,0.138343301,0.149262231,0.139901675
abounding,0.0,0.40812119700000005,0.0,0.591878803,0.0,0.0,0.0,0.0
about,0.0,0.53355985,0.0,0.101244406,0.288689236,0.076506508,0.0,0.0
about,0.15722956800000001,0.118446015,0.119137224,0.109483581,0.109700293,0.112051195,0.123422596,0.150529528
about-face,0.116695596,0.309690648,0.079864335,0.14077198,0.092275524,0.01560181,0.0,0.245100108
above,0.13971255300000002,0.16237352800000002,0.155798389,0.119783067,0.136780823,0.105409371,0.11141358400000001,0.068728686
above,0.119901097,0.14831631,0.085569146,0.111228405,0.10654288099999999,0.13382767199999998,0.16720705800000002,0.127407431
above-mentioned,0.089083342,0.127677516,0.16148236300000002,0.16738883599999999,0.263043364,0.088385807,0.074955077,0.027983696000000002
above-named,0.0,0.0,0.0,0.0,0.5713921160000001,0.17565479999999997,0.0,0.252953083
aboveboard,0.19131592600000003,0.025933322,0.257647296,0.19342216899999998,0.022187817999999998,0.1716588,0.134560515,0.003274154
abracadabra,0.0,0.156672378,0.0,0.5370524879999999,0.0,0.253487621,0.052787513,0.0
abraham,0.08469927699999999,0.18258488899999997,0.12291479300000001,0.17447244899999997,0.15877392199999998,0.11644500199999999,0.069103704,0.09100596300000001
abrasion,0.38340854,0.011136841000000001,0.48106264,0.0,0.026679427000000002,0.015036395,0.0,0.082676157
abrasive,0.04906317,0.07481956099999999,0.032318765,0.012917531000000001,0.30939860399999997,0.08035487200000001,0.047536786,0.39359071
abreast,0.00325531,0.182967333,0.133561086,0.139873807,0.045304053,0.302480698,0.18503673899999998,0.007520974000000001
abreast,0.0,0.0,0.0,0.0,0.0,0.456664075,0.543335925,0.0
abridge,0.008065102,0.180385168,0.182147077,0.365226431,0.030398817,0.052116725,0.078141917,0.10351876199999999
abridged,0.0,0.676924685,0.125732748,0.068719822,0.0,0.0,0.0,0.128622745
abridgment,0.024371937000000003,0.01061895,0.752254871,0.123201269,0.042397943,0.003258446,0.015742475,0.028154107999999997
abroad,0.403463135,0.02704469,0.280370846,0.027455141000000002,0.032394143,0.117011928,0.050116815999999995,0.062143301
abroad,0.14089296099999998,0.10991117,0.103602495,0.11037096699999999,0.11693498199999999,0.151284371,0.153396784,0.11360627
abrogate,0.334085326,0.040236733,0.179939314,0.204236986,0.108676303,0.038492727000000004,0.031579682000000005,0.06275293
abrogation,0.0,0.019445373000000002,0.7751582140000001,0.092659448,0.038819461,0.005966852,0.067950651,0.0
abrupt,0.144631394,0.12432208800000001,0.086464636,0.129847947,0.13946368,0.10324590300000001,0.096380261,0.175644092
abruptly,0.013971398999999999,0.149843538,0.133901558,0.082170711,0.18135227199999998,0.136071456,0.091633319,0.21105574600000002
abs,0.298805341,0.08418579400000001,0.052721862,0.151592123,0.258654538,0.043406420999999994,0.02876535,0.08186857
abscess,0.137702622,0.629974566,0.0,0.17402327899999998,0.0,0.05829953400000001,0.0,0.0
abscond,0.0,0.5610046879999999,0.077545405,0.0,0.0,0.029264724,0.0,0.332185183
absconder,0.0,0.0,0.1766429,0.0,0.0,0.066662952,0.0,0.756694147
abseil,0.0,0.0,0.0,0.0,0.0,1.0,0.0,0.0
absence,0.077534618,0.108997207,0.14370860400000002,0.154569611,0.16178936,0.117181362,0.100351808,0.135867429
absent,0.081119867,0.163559011,0.151401769,0.17499451800000002,0.126045719,0.107347446,0.09261175599999999,0.102919914
absent,0.21264697800000001,0.066241229,0.286133021,0.11741462400000001,0.050130054,0.096051524,0.103657545,0.067725026
absentee,0.057574512,0.128681971,0.204851669,0.14022505300000002,0.14120355199999998,0.11831282,0.083498473,0.12565195099999998
absenteeism,0.13539969300000002,0.18176585899999997,0.307172209,0.143364884,0.038196356,0.076323991,0.09100382300000001,0.026773184
absinthe,0.0,0.05516382,0.0,0.040000735,0.0,0.761720882,0.143114563,0.0
absolute,0.10955360800000001,0.085092822,0.18334467100000001,0.151047087,0.087967305,0.107587801,0.154404575,0.121002131
absolutely,0.132265655,0.149564933,0.11095606,0.112314581,0.133076693,0.120123534,0.129175,0.112523544
absoluteness,0.0,0.0,0.0,0.0,0.0,1.0,0.0,0.0
absolution,0.024647763,0.05369564,0.7236577540000001,0.07787223900000001,0.064316663,0.00988597,0.007960319,0.037963651
absolutism,0.0,0.0,0.0,0.0,0.49981033,0.039948857000000004,0.46024081299999997,0.0
absolutist,0.065905824,0.301511997,0.0,0.083289246,0.0,0.17475919,0.251874294,0.122659449
absolve,0.133892045,0.104328072,0.21705934100000002,0.10832868699999999,0.146654254,0.063268852,0.11462613699999999,0.111842612
absorb,0.126660389,0.075434015,0.129360424,0.102979242,0.086294005,0.16174059300000002,0.215492813,0.10203851800000001
absorbed,0.0,0.0,0.0,0.0,0.0,1.0,0.0,0.0
absorbency,0.0,0.0,0.0,0.0,0.0,1.0,0.0,0.0
absorbent,0.0,0.556419318,0.050599729,0.0,0.0,0.17298496,0.168233217,0.051762775999999996
absorber,0.03239542,0.12350461,0.009145469,0.168877853,0.126800469,0.37247967600000004,0.15432226400000001,0.01247424
absorbing,0.04532257,0.20106263600000002,0.139580726,0.164020274,0.086011757,0.12284209800000001,0.206255955,0.034903983
absorption,0.0,0.15107593,0.23648009399999997,0.039047213,0.062708502,0.196447581,0.077612807,0.236627872
absorptive,0.416336001,0.006255146,0.016211691,0.009071542,0.0,0.485609316,0.027819555,0.038696749
abstain,0.219304567,0.095171184,0.14043098199999998,0.11060183,0.102343155,0.12635368800000002,0.134694132,0.071100463
abstention,0.198411881,0.141814955,0.074684208,0.15777232800000002,0.080796242,0.181218181,0.097199581,0.068102623
abstinence,0.02566394,0.18094315100000002,0.106261786,0.17101089100000003,0.145097997,0.09233000699999999,0.21625466899999998,0.062437559000000004
abstract,0.025929456,0.30891783899999997,0.015250165,0.117250324,0.03453538,0.151342309,0.254106407,0.09266811900000001
abstract,0.0,0.141994119,0.025977271,0.152628493,0.176750451,0.166083105,0.222887332,0.113679229
abstract,0.010869692,0.19733198600000001,0.08728448300000001,0.24955001899999998,0.018909148,0.192796684,0.14978174800000002,0.093476241
abstraction,0.133345362,0.24119930399999998,0.13232574,0.084258371,0.11598522,0.14100191199999998,0.148772199,0.003111891
abstruse,0.0,0.0,0.10400089800000001,0.029097782000000003,0.320434642,0.511002883,0.0,0.035463795
absurd,0.02617185,0.139469645,0.20157367,0.17152343899999997,0.17277713,0.085279069,0.132531534,0.070673664
absurdity,0.09805642699999999,0.16312637300000002,0.059278758,0.045061797,0.023261052999999997,0.16804400100000003,0.265824406,0.17734718300000002
absurdly,0.0,0.0,0.31428011899999997,0.0,0.0,0.6857198809999999,0.0,0.0
abuja,0.0,0.002968038,0.44872176799999997,0.036587443,0.136279509,0.10268690300000001,0.010450199,0.26230614
abundance,0.058180833,0.168765958,0.04949964900000001,0.03877778,0.099132908,0.14171937699999998,0.28648718100000004,0.157436313
abundant,0.071256819,0.119825555,0.079135323,0.12168133199999999,0.08759148900000001,0.15494825,0.208641475,0.156919757
abundantly,0.337977054,0.018913864,0.02684415,0.031348432999999995,0.10518409199999999,0.093689232,0.308435523,0.077607652
abuse,0.101418881,0.075689631,0.242148654,0.125042786,0.100585583,0.104238292,0.10841925300000001,0.14245691900000002
abuse,0.128962212,0.09501875800000001,0.21344835,0.13234262,0.09147097900000001,0.097511129,0.11996806,0.121277891
abused,0.05746194599999999,0.070716842,0.230332525,0.12931135300000002,0.08067111099999999,0.12278473300000001,0.148790304,0.159931187
abuser,0.018954041,0.110661901,0.22782804199999998,0.32656453,0.050558378,0.070616691,0.079987033,0.114829384
abusive,0.102429942,0.119624476,0.24935303600000003,0.096084388,0.073786297,0.10329730300000001,0.137098974,0.11832558300000001
abusively,0.0,0.0,0.484128623,0.0,0.0,0.5158713770000001,0.0,0.0
abut,0.028790262999999996,0.10662426800000001,0.146298711,0.054576041,0.075126234,0.246346345,0.065087355,0.277150782
abuzz,0.078729491,0.18857242100000002,0.119179005,0.215662794,0.17064414,0.089782819,0.06336064599999999,0.074068683
aby,0.0,0.0,0.0,0.0,0.0,0.581385563,0.0,0.418614437
abysmal,0.0,0.500885597,0.043272117,0.017295491,0.0,0.15369776599999999,0.20685525600000002,0.077993774
abysmally,0.0,0.80273637,0.06934937299999999,0.0,0.0801265,0.012316065,0.0,0.035471692
abyss,0.312337672,0.053251340999999994,0.112455401,0.14342323,0.052310025,0.072882848,0.209265636,0.044073849000000005
ac,0.056175601,0.179869639,0.010818401000000002,0.09658290800000001,0.067043399,0.337884701,0.152524824,0.09910052800000001
acacia,0.0,0.169555603,0.0,0.078687502,0.115086476,0.468256341,0.168414078,0.0
academe,0.052819482,0.10946239599999999,0.15777975800000002,0.165737029,0.094438285,0.14005878900000002,0.223294606,0.056409655
academia,0.046097145,0.175406455,0.158476342,0.11359880800000001,0.017374841999999998,0.08813138300000001,0.299738595,0.10117643
academic,0.069382022,0.095853486,0.19129318399999998,0.12551547400000002,0.127170858,0.116757819,0.195284177,0.07874298099999999
academic,0.044871667000000004,0.10243785300000001,0.12438886099999999,0.151661925,0.06952193,0.166571302,0.282591942,0.05795452
academically,0.159988624,0.020912303,0.13549795,0.008424478000000001,0.00463866,0.136182636,0.41422459899999997,0.12013074900000001
academician,0.088163879,0.10563671599999999,0.1434099,0.229799874,0.146524814,0.063566767,0.127114657,0.09578339400000001
academy,0.11276404599999999,0.18063669100000002,0.062289659000000004,0.10036108,0.10458936,0.174672592,0.155637166,0.10904940699999999
acapulco,0.251685212,0.010234956,0.06315788,0.12722803800000002,0.049621523,0.307556149,0.054190031,0.136326211
accede,0.080642418,0.134208844,0.23736309100000003,0.23306285,0.08969186300000001,0.05850355,0.036718516,0.129808867
accelerate,0.165912336,0.104958201,0.07389761,0.10342392,0.10061667699999999,0.156130446,0.121080571,0.173980238
accelerated,0.28130535100000004,0.081212335,0.054234362,0.10477219199999999,0.110405473,0.142946991,0.14366317,0.08146012700000001
acceleration,0.247657171,0.13506337599999998,0.092173202,0.049936073,0.133121538,0.13103001,0.106226124,0.104792506
accelerator,0.34491837700000005,0.174453583,0.0,0.018289283,0.035665962999999995,0.062883315,0.36378947899999997,0.0
accelerometer,0.0,0.247008537,0.040011316,0.358224759,0.0,0.279494333,0.03433007,0.040930985
accent,0.032625682,0.158735719,0.13726164400000002,0.087616051,0.19096141600000002,0.136674257,0.163212079,0.092913151
accent,0.0,0.216616378,0.007061793,0.065200622,0.318209585,0.161156401,0.043928348,0.187826872
accented,0.0,0.22696076399999998,0.0,0.0,0.481407611,0.291631625,0.0,0.0
accentuate,0.004115165,0.352622052,0.036143074,0.13174819699999998,0.171811875,0.151300519,0.076198663,0.076060454
accept,0.083762829,0.11115250900000001,0.141058518,0.162605112,0.137325575,0.12103988199999999,0.140185895,0.10286968
acceptability,0.058482875999999996,0.10492267400000001,0.193373815,0.209407163,0.071815102,0.08800168,0.08147684200000001,0.192519847
acceptable,0.073613159,0.165035705,0.162783345,0.14267432,0.14689712800000002,0.10946151,0.08947931199999999,0.11005552099999999
acceptably,0.052864008,0.034549587,0.656651787,0.150316877,0.0,0.049474185,0.025609688999999998,0.030533868
acceptance,0.0828748,0.102406273,0.137036384,0.135751953,0.13948575400000002,0.134384876,0.163320979,0.104738982
accepted,0.117802416,0.118362571,0.163639347,0.135894033,0.105382976,0.096516496,0.15489124099999999,0.10751092
accepting,0.271482518,0.069340074,0.01938062,0.164150421,0.11806919699999999,0.098876135,0.102795888,0.155905147
acceptor,0.076050032,0.0331353,0.093034465,0.144163659,0.19844739,0.35078338600000003,0.10438576699999999,0.0
access,0.13295928,0.11771037599999999,0.127189358,0.11939372699999999,0.092781322,0.125151016,0.145465164,0.13934975800000002
access,0.119436858,0.131034144,0.13050831699999998,0.116373364,0.124732921,0.13276159,0.139529958,0.105622848
accessibility,0.070264934,0.132845973,0.09918157699999999,0.135179283,0.08130769,0.14368072199999998,0.228348147,0.109191674
accessible,0.069047346,0.12718321300000002,0.08755471699999999,0.12262697,0.124306339,0.1437614,0.193289173,0.132230842
accession,0.234232904,0.129638962,0.016680356,0.058002849,0.17345286199999999,0.18408820399999998,0.150274909,0.053628954000000006
accessory,0.001952256,0.13864869,0.08377272,0.12706005199999998,0.21056349600000002,0.229427808,0.15069107,0.057883909000000004
accessory,0.044039307,0.22845501,0.049822085999999995,0.09362985300000001,0.18962458899999998,0.19911537899999998,0.150717425,0.044596351
accident,0.111266634,0.08744153800000001,0.132307944,0.055844187,0.080790714,0.070023575,0.083276749,0.379048658
accident-prone,0.0,0.033254522,0.033517151,0.482274551,0.0,0.057823901,0.324554773,0.068575101
accidental,0.098131897,0.14747721800000002,0.124407338,0.203020001,0.101387535,0.06836336700000001,0.113258181,0.143954463
accidentally,0.076473515,0.28277611399999997,0.08431827300000001,0.098782436,0.077701835,0.124681594,0.10360099,0.151665242
acclaim,0.23636929,0.09825199999999999,0.019430613,0.128756216,0.096102594,0.106671149,0.187482843,0.126935295
acclaim,0.007624403,0.17606507,0.082344085,0.130448857,0.148960137,0.174153237,0.13903095,0.141373261
acclamation,0.0,0.0,0.0,0.0,0.595692556,0.183125133,0.221182312,0.0
acclimate,0.0,0.0,0.0,0.0,0.0,0.253007602,0.746992398,0.0
acclimatize,0.060595512000000004,0.089765796,0.018247003,0.042118052999999996,0.54814889,0.152306638,0.084151503,0.004666604
accolade,0.016118065,0.133637941,0.016773471,0.04523203,0.150092886,0.17397901100000002,0.305902079,0.158264517
accommodate,0.137302326,0.11873109800000001,0.120435506,0.161511155,0.09193722,0.131689413,0.128682755,0.109710526
accommodating,0.069932077,0.172661537,0.0,0.1362486,0.045620750999999994,0.09349684300000001,0.457356033,0.024684159
accommodation,0.088631536,0.15676001,0.23067296699999998,0.08603778,0.078109263,0.122924768,0.122551545,0.11431213
accommodative,0.25204687,0.03875923,0.0,0.0,0.077376374,0.155935018,0.26655115,0.209331357
accompanied,0.0,0.325726191,0.08365911,0.191507528,0.281192782,0.013506721999999999,0.104407666,0.0
accompaniment,0.0,0.144461623,0.0,0.138745587,0.475563067,0.130930074,0.103535634,0.0067640140000000005
accompany,0.10811761199999999,0.127771284,0.11997290199999999,0.138705107,0.13751122300000002,0.109768801,0.112808366,0.145344705
accompanying,0.151958719,0.089165911,0.137392032,0.121110392,0.131511119,0.091780995,0.098893985,0.17818684699999998
accomplice,0.13015950099999998,0.126051983,0.23790648600000003,0.132167098,0.081079111,0.054181427000000004,0.017622381,0.220832012
accomplish,0.055501347,0.09232276800000001,0.09148036,0.111890747,0.12723586,0.155105162,0.24527037699999998,0.121193379
accomplishable,0.0,0.0,0.0,0.138369159,0.190471015,0.258612373,0.41254745299999995,0.0
accomplished,0.031469589,0.08368001900000001,0.027000696,0.156448387,0.249976108,0.194096276,0.20850157,0.048827355
accomplishment,0.072247253,0.093132215,0.104749515,0.167488844,0.10706318199999999,0.133755936,0.21670899899999999,0.104854055
accord,0.18298249800000002,0.13721514199999998,0.116062989,0.144603211,0.14013456300000002,0.118798902,0.078694189,0.081508506
accord,0.024323789,0.08195764400000001,0.24720434100000002,0.145500154,0.101554039,0.13434410800000002,0.126912991,0.138202934
accordance,0.0,0.252558415,0.327282435,0.0,0.42015915,0.0,0.0,0.0
according,0.0,0.042402177,0.251189192,0.12298773,0.012092702,0.327138605,0.23348280899999999,0.010706785
accordingly,0.073661645,0.126132055,0.197416073,0.098443473,0.08489498300000001,0.11699798300000001,0.14262102599999998,0.159832762
accordion,0.0,0.0,0.0,0.0,0.0,0.0,0.0,1.0
accost,0.115491619,0.044457613,0.45709114,0.097774921,0.040962577,0.081251811,0.052871185999999994,0.11009913199999999
account,0.11581112800000001,0.13175827699999998,0.203988506,0.111751965,0.152734019,0.101599755,0.08888823300000001,0.09346811699999999
account,0.12585073300000002,0.10256784,0.218116333,0.095725868,0.127339529,0.126338483,0.090284386,0.11377682900000001
accountability,0.07013642,0.077129748,0.191108088,0.12281442599999999,0.08025250099999999,0.137912896,0.23192689800000002,0.08871902400000001
accountable,0.076055298,0.07988464,0.19332300800000002,0.16324259900000002,0.084903158,0.12168293,0.173254938,0.10765342900000001
accountancy,0.038681573999999996,0.063201432,0.01456013,0.219979289,0.18084535100000002,0.26375144,0.129611998,0.08936878699999999
accountant,0.108424275,0.072885938,0.161615427,0.103354061,0.150624295,0.147320392,0.146271195,0.109504416
accounting,0.094806191,0.056988958,0.18024731300000002,0.118425701,0.15690959599999998,0.137139379,0.183146413,0.072336449
accouterment,0.0,0.0,0.10167305199999999,0.6433282539999999,0.0,0.0,0.25499869399999997,0.0
accra,0.111887526,0.097141222,0.209648875,0.160113748,0.103045728,0.086014177,0.081039277,0.151109446
accredit,0.065786998,0.11613824699999999,0.13796462199999998,0.26869586100000004,0.141100786,0.144570358,0.059869278,0.06587385
accreditation,0.048016564000000005,0.160726468,0.210001655,0.27017709999999995,0.071431957,0.129845139,0.04406122,0.065739897
accredited,0.060319252999999996,0.150693797,0.13897514800000002,0.22991696,0.18363215600000002,0.119536434,0.060170829,0.056755423
accretive,0.0,0.392287933,0.0,0.0,0.135743883,0.250378652,0.19385416600000002,0.027735366
accrue,0.032263317,0.12355587400000001,0.177050147,0.209230587,0.069418946,0.16504803199999998,0.08939145,0.134041646
accrued,0.0,0.0,0.0,0.0,0.0,0.8071614109999999,0.19283858899999998,0.0
accumulate,0.17757,0.11043750699999999,0.113743759,0.136361625,0.11356061,0.07932436400000001,0.128325416,0.14067672
accumulated,0.237849458,0.071859404,0.165205199,0.08914197,0.161831896,0.080820378,0.08385996400000001,0.10943173
accumulation,0.098625901,0.066299187,0.175542403,0.012463962,0.191179921,0.097010935,0.125589977,0.23328771399999998
accumulative,0.0,0.0,0.0,0.0,0.0,1.0,0.0,0.0
accuracy,0.210107452,0.119653157,0.26678436699999997,0.054798093,0.065159669,0.1140594,0.13258294,0.036854922000000005
accurate,0.133431175,0.154495594,0.118606851,0.133125149,0.111553654,0.11477796900000001,0.148540067,0.085469542
accurately,0.078969443,0.131427021,0.201312737,0.124212782,0.12499531800000001,0.15356606,0.125222432,0.060294207999999995
